9585
166
4021
9865
5735
2870
1579
1721
2987
4977
3408
2563
5246
8871
3818
134
7640
4731
8055
6158
1639
2262
9789
8648
5301
1215
8947
3142
1969
8225
2010
8778
1111
6392
9325
8470
7415
1300
2017
2082
7098
5777
3182
5977
846
4371
8578
3738
2077
9186
8863
1666
3572
456
5936
2640
6446
8864
2093
7156
7271
7905
6771
4918
567
7505
4322
3741
6809
3870
5134
9983
8096
4140
8059
6058
6682
9457
6021
3798
8559
6938
3636
5888
1481
157
2076
7226
9998
637
8650
8774
2377
6549
1426
9355
7908
2531
7449
8122
5250
6578
3424
3983
7586
2412
6655
7966
5237
440
7717
1751
3334
5037
6102
8230
804
5385
7384
4617
9151
6248
3101
2169
5394
2391
9441
468
1676
4838
4778
8551
6814
808
5003
8569
6254
5152
1017
2568
3527
5814
5110
5509
8846
201
8565
291
8636
5501
2328
7524
883
874
3250
6094
5788
2933
2442
182
9679
6389
3872
2160
1478
7773
1686
2013
6365
9834
8048
5239
2472
3926
1991
5032
7490
7804
2359
5543
6584
7497
1493
6905
2537
2071
9842
1469
2410
820
7987
5063
1617
5202
9664
9158
3406
6403
9219
3159
552
4197
3042
7697
5321
6897
1630
8857
5983
3417
3292
3138
8605
9685
2596
7809
7149
7792
2402
8220
2906
8094
8751
1068
7590
1953
3694
4192
9841
36
2048
6428
7685
1414
6739
4517
6643
3817
6586
7034
6509
2586
3024
8715
1385
3924
4572
5623
8773
4083
5338
1810
1584
7208
2652
2259
2556
4527
7829
58
1555
1855
4526
6724
8916
5085
5994
2554
5203
8510
6646
6490
2719
3163
1903
397
7195
4382
5980
179
8468
6822
3811
1979
8231
9046
3822
5298
5422
1548
7022
3032
6025
8858
2433
3043
2173
5482
5101
9791
713
9931
3948
4840
9066
9541
4208
9906
653
4064
9492
8119
2943
395
6129
2103
1081
2915
9830
2677
8791
5605
953
5279
7884
9311
6240
1476
3826
5077
5098
1382
3074
952
642
74
1101
2559
7746
7115
9980
5548
8975
1777
1800
2904
6864
4350
1145
4358
6251
2069
1715
5558
222
7585
6520
5329
3007
2532
4275
3326
890
3447
9862
4254
384
6007
3971
8733
2234
5485
6164
7504
4131
1701
2422
7273
7641
2600
1608
8752
4047
9857
913
9774
3976
2940
4200
6208
1603
8352
4196
2090
6107
2807
6326
4552
6716
2999
4757
1826
864
7797
7706
1869
8700
770
6123
3945
9287
9849
8389
3229
5367
4294
4147
7464
3975
298
8370
9011
8274
7659
528
9108
6694
9981
9633
7267
6880
4763
7161
5906
2864
7221
2308
8209
6099
2272
3343
2809
3335
2207
7347
404
4631
3460
3778
6761
4787
115
2517
605
5062
4828
4578
8794
842
4410
9586
6491
9159
7487
2698
8982
7608
7353
5154
9612
9104
1055
6288
7165
3559
5699
3548
7537
4347
9443
1872
6140
3511
3755
817
3294
2756
7184
7481
1397
4539
7803
8914
1974
6480
1490
5809
5661
7276
9278
4753
570
3480
4505
5050
96
5335
4087
9944
8653
2129
4475
5036
7990
2110
544
9610
9813
3130
7000
2469
7614
8690
7230
113
1375
4473
4747
5033
4901
7898
4818
947
3765
2855
4081
6839
3591
3560
9168
7399
4702
8707
8133
9429
2977
569
9802
6233
8259
5291
9045
4993
1394
7653
3103
3862
7571
4785
5228
765
3328
5283
1177
7252
7157
7656
193
6495
5375
2648
1827
4440
4301
6706
1842
9952
9251
6465
7690
9604
3106
8339
5834
8343
1889
2373
5550
5469
1719
2789
5678
9243
255
3102
7448
9901
5433
8584
4877
180
5681
3538
7880
4219
6595
3728
2832
4355
5403
9518
2834
7297
1831
2020
4899
6849
6631
8824
4821
7713
1078
6369
6955
9662
464
6963
6286
207
8651
9273
9407
2224
4261
7600
4613
5123
2965
4264
399
7712
4834
1082
9822
2681
3496
3461
1123
5405
198
489
5587
4683
2185
5368
7979
2054
9728
4563
8926
3605
5528
6908
1784
8046
7228
106
3385
8169
507
7657
5373
1808
2344
4098
9467
8940
5040
3553
2833
2434
4001
3546
6014
9475
8071
6605
2458
2622
1588
6841
1923
8669
7463
6318
721
635
2060
7198
4189
7846
2367
868
1545
5642
184
4915
2763
2656
4540
8942
8391
2599
16
2984
9572
5578
6823
7283
203
4551
2670
91
3505
1185
4053
777
9137
1874
1239
6675
1717
9336
8899
7138
9972
623
1598
7049
5660
6044
7702
7491
1107
6667
3960
2483
9416
4384
2672
6047
9463
911
7947
1867
7126
9290
5218
7101
7135
5474
3325
5034
8742
7943
6292
3397
9316
6205
5196
3773
452
9466
6074
8373
2694
3664
6950
1844
8943
9091
8001
1887
1533
8360
8963
2381
3033
50
1577
8612
6302
7040
2936
233
9826
8374
8285
4303
2576
6174
3390
9737
3734
5791
1355
3846
7767
1065
1530
5380
1447
5960
7275
6620
8296
1114
1896
3917
2644
9891
4761
5450
6429
7606
2611
5463
1331
8646
9218
2653
7941
7894
5326
3637
4874
655
5460
3263
8855
5027
9801
8047
435
5584
9489
59
9362
4114
1801
6562
2795
6877
4130
2647
2523
5641
3533
7223
1166
8167
3307
7405
7926
8064
5604
882
5251
8835
6591
7151
5816
4361
1279
7454
3844
5726
4626
7340
7170
5537
8406
7566
6380
6691
4550
8249
3615
5211
1104
565
7111
6401
6361
2980
686
5771
7107
3172
8304
9320
7993
2312
4027
8037
3691
2717
2820
1044
5305
9939
9884
4433
9345
6752
6355
7041
7466
4037
5383
3196
5748
5481
7039
6062
963
8136
5099
8683
8852
6096
5432
4228
60
6017
3352
9056
3767
532
8995
4583
4797
8978
1398
4854
1047
6268
5150
8609
9461
4773
2052
7561
4668
358
3961
9643
7418
9196
1417
6677
2982
6601
4520
5940
7142
1301
3023
586
1663
2726
3630
5124
7893
7867
2636
2283
7552
5269
6671
3427
4215
683
1709
2318
1819
6922
7383
6127
9794
8149
8974
1118
6457
6886
5687
1714
4913
752
9321
6420
6515
1471
2251
7669
2788
3681
3891
1110
5204
5829
554
6670
9978
1323
462
9674
9028
3684
7854
7474
3377
3160
7703
8853
81
8342
4634
9412
6889
9393
4108
8271
608
1698
9398
807
6679
7025
8286
2019
2779
524
7314
445
5303
8924
1780
9254
4287
4798
122
4156
5102
5987
66
634
8348
9886
5122
5665
8830
497
2687
322
1262
7642
4360
4795
411
6742
2134
8089
7078
3602
1021
8917
4904
6396
5186
8436
8219
8107
3735
5801
762
6705
5716
8228
9675
684
3359
2551
8114
7207
6111
3061
848
6103
9053
6352
5738
3581
4946
4323
4089
1281
9818
6486
8150
8199
4707
6406
5171
6516
2080
2730
7051
7636
7917
5756
6993
7975
1070
1528
5627
8080
9232
7356
8451
6445
328
9974
6454
9115
1904
9623
8812
2824
7806
4500
1258
9845
9003
7774
5932
1387
6349
6775
3200
5532
4454
6169
9641
6181
4319
7848
2189
5795
9280
6202
2387
9230
4758
511
4398
5908
7344
3218
8106
1882
1353
1773
7494
7844
1956
8361
7514
4145
4014
4071
8246
8042
9255
6930
4359
9110
5577
1040
9954
3315
4672
8327
2515
9820
4556
812
6180
7185
6322
917
9162
515
9452
3812
5092
4170
7602
2793
2983
4875
7302
9477
5952
4262
8364
4518
3484
2418
9417
9176
4711
6076
4566
4897
2583
9867
371
6343
5531
7412
3933
8643
9673
2565
7119
7977
9661
4377
769
5449
4288
1935
4816
9597
6136
9247
6071
4281
9172
3815
2473
1392
606
8592
362
8989
8034
6780
9044
1643
2136
4909
6119
8038
5241
1890
3298
305
5894
6125
5093
8870
1504
624
5837
3833
5392
8207
5711
1434
4988
309
741
9546
4629
3344
27
1949
7150
8500
7583
4630
6256
4327
5580
290
6708
8535
7955
8991
5743
1350
5690
6738
2290
4859
2451
8074
8817
1811
6379
7169
5933
2216
2690
8869
9481
4055
3499
8277
8260
8313
5673
7912
9472
8023
1939
7378
9784
7864
5018
3791
865
4041
61
6259
7018
7081
2918
5060
43
6980
4100
2362
4478
8962
673
3167
8746
4434
9227
2518
6940
1877
1461
9201
5946
7080
6846
4976
6678
2625
4628
1627
6596
9432
4900
2502
1135
9070
1190
6944
7853
7540
6611
503
2329
4764
3192
8533
7382
4655
7814
9223
4036
4596
1813
1333
7232
9171
719
2415
5238
153
8723
4643
8426
9743
2204
8928
2764
9876
4019
2595
2950
4074
6097
3374
4644
9514
1913
6170
1641
792
1136
7575
2117
3255
3495
6043
8087
6183
5502
1505
2321
8689
1226
5182
8399
8887
9372
3793
2430
3503
4609
9179
8305
5631
8394
6212
4348
7605
3749
3913
3543
6555
8135
9342
5766
7173
2958
9949
5359
7732
2733
779
2856
7906
8517
5951
3590
9783
8613
9157
5692
677
6016
3204
5693
4052
9399
3430
1420
2516
4521
3376
6152
6036
4356
5560
6807
7810
4714
6641
1837
3792
5277
5772
3069
6003
9473
9015
6061
2163
2408
9940
5942
4162
636
9488
4492
6156
5533
287
7852
710
9945
1462
2765
8428
3663
9485
1571
8326
9966
8874
7620
5193
1720
2162
104
4533
4905
3534
3097
7960
632
307
5070
1237
5249
699
5831
9575
1117
845
8006
7956
8573
5000
5376
8381
2420
6313
6381
7932
469
6400
2954
5372
7264
6470
3912
1207
7029
698
2480
6001
2845
9330
2396
8527
8883
7892
9464
275
1425
8036
1902
9268
6384
9126
9579
442
5554
7718
407
2949
9731
2397
5626
2606
8302
6442
975
7059
2768
3256
2278
4166
6956
9758
6050
3526
6576
3289
5243
1029
7021
5472
439
1274
2383
9376
9116
7518
2441
79
7365
9323
4648
2675
4525
8464
5065
4372
2710
5333
813
4592
2755
7023
5744
516
761
1001
2946
4831
2245
9357
4308
1543
3944
4466
3158
8258
5284
7006
5464
451
4504
7624
7511
2120
3770
7047
7498
4590
2261
7982
7392
1976
1696
4662
7393
9568
8519
7177
3194
4537
9836
1401
6815
8514
9077
245
2591
3836
6758
8587
8495
7174
2051
1028
5287
4139
588
3910
2172
5877
2026
4784
3672
5107
6566
7923
63
8162
3554
380
3604
6569
8056
1718
4790
9671
3516
8764
6080
218
4238
8568
8321
9792
9508
895
4202
9327
1782
547
3704
2047
9153
639
7201
1522
7240
7621
2718
6360
8996
6722
5216
5401
8718
9888
7790
9828
5388
4508
1129
4985
4917
9911
2913
7330
7110
1679
3830
6874
9907
7122
6990
1501
9930
288
9613
5100
9710
1945
3125
8513
3088
5650
4779
7791
3416
4645
6622
1134
8745
2135
7736
1048
7327
688
3471
1251
7548
3261
5206
5508
6782
7663
4221
647
5958
463
2455
3739
9868
9244
4296
9111
3828
6959
7834
5898
1345
2366
1098
9874
2846
3054
150
7572
810
3322
1246
6567
1656
6131
8281
3030
9893
573
3413
929
4117
2504
1306
94
6545
8929
6660
4400
6079
9049
7738
690
4416
3039
2324
960
466
2282
7598
620
4246
9625
5725
1820
602
7756
981
6201
7281
3150
8562
7950
5872
393
4128
9041
2297
2256
8673
5620
5389
4588
580
7673
4118
7582
8300
8528
7587
1910
2540
3432
5328
9019
7426
3696
3314
631
9962
1858
1209
4743
8079
5638
4495
4266
6052
3381
4615
6039
5675
4353
5418
5221
3313
1786
8970
4895
8218
5410
9400
9803
6881
7366
3893
6482
772
3547
3892
8033
1010
5240
7576
213
2840
396
8889
8159
189
6737
3075
4605
5172
101
3871
8480
3364
7457
3383
1747
3137
5646
4011
4302
2021
8211
9087
325
1479
6820
149
5529
8458
1208
1964
5396
4635
9275
5672
3228
212
3388
8022
388
8252
4507
6984
9558
6587
4546
6476
7258
5786
6607
5233
9037
8190
4740
7954
4431
4633
6550
8208
4867
6291
8307
6410
6245
3942
9109
299
4862
3599
2626
4289
928
110
7274
5208
4242
5610
7531
6719
915
186
5563
5500
1697
4835
5160
2997
8465
3329
4423
7447
9616
4058
1568
9967
856
7637
1459
1141
8771
8463
8748
22
667
8965
1074
4135
2443
1992
611
3152
8462
9871
6006
7751
8200
5363
7542
5659
7735
6368
621
2286
2889
3099
2724
9565
6787
5674
9266
8124
2244
6376
9291
6328
5255
9215
1175
6792
3963
666
1449
5890
3265
9902
4573
9016
1765
7768
5421
3483
4328
6701
1570
2485
8607
2453
7060
5850
6876
5404
9757
6588
6333
5676
3105
9014
5982
7299
4791
9523
7578
8893
3240
3353
3922
6949
5648
6658
8549
3011
2557
4245
1002
2250
7443
8341
271
3954
7044
8163
6721
6264
1619
5157
1276
8254
4497
247
3863
5431
9121
3771
6933
4983
3287
8145
6037
8263
7526
280
3365
9851
5841
2403
6640
5830
7216
4982
5913
564
1
2808
4449
5141
654
7799
151
3191
8801
2450
9092
2437
8681
814
1184
3282
8629
3079
353
509
8882
6844
6999
10
6528
2364
9178
2073
7800
5741
8634
9161
2541
7753
5701
5567
2407
627
4727
9609
539
4190
1710
7724
8142
2507
7441
2186
5465
3146
6227
3783
3188
2916
4366
9753
2346
6712
5819
716
3666
3481
9097
8276
2850
9687
1282
3193
9703
3403
8289
2066
3342
5075
5210
9076
5876
2197
1761
5026
8522
8977
8362
643
486
3387
199
1244
1075
2924
4857
5622
7017
2432
5158
9180
4966
7390
7689
6411
7254
8603
8763
83
6469
8967
2330
9924
8021
961
9863
9496
4320
4311
7711
8732
9590
9036
5568
1280
6920
921
5219
7747
6680
5534
7127
2884
2762
9837
4390
9199
5698
5839
8492
6837
2180
3617
8816
8317
1373
5752
3556
9869
4893
4389
2814
5511
3226
7450
1674
9517
3092
3206
7280
93
1750
8645
6628
7367
785
7953
2465
7664
105
6575
7485
4970
6854
8165
2715
1592
4069
7316
292
6203
7958
3809
9856
2491
8019
7116
3947
9509
4724
2115
4559
2280
5458
7146
2544
9566
5057
6525
7778
1791
6890
6257
4848
4591
5637
8443
5843
9574
5695
4455
9006
8417
7210
4080
5905
5763
951
350
3131
3446
2369
4562
8481
7099
2775
8241
6602
6500
629
4571
8316
8537
73
3758
1085
8661
4409
2842
3214
5527
1096
5020
6067
9775
8226
4218
1196
5592
470
1589
9751
6684
4817
675
5121
3835
3410
9605
6619
7992
545
6135
9315
3070
2903
2486
6879
4082
996
5526
5557
9827
4869
7056
1395
4535
5013
32
6303
4480
1770
6483
4689
5355
3711
7887
1766
4333
7785
5109
8299
9279
6546
8233
1547
3274
4930
1446
3242
5275
6700
6755
487
4026
1092
2233
5510
5430
5524
1776
1389
4919
4933
6962
367
2439
9545
15
9542
1269
9410
3692
5519
4873
6597
9067
3888
6000
3037
612
799
5517
8306
4252
7951
7296
140
9454
6091
4173
4678
5792
8497
4103
9976
8388
7838
1607
9119
9048
3724
1052
9177
8597
6553
9155
6187
4399
2654
5234
1779
5948
9026
5130
9573
5149
4045
8588
4297
10000
3404
7660
4465
1097
1517
7479
7069
8738
3716
1163
1633
2039
336
6530
2221
8741
3537
9928
8318
6686
4544
6065
1520
8217
9922
1789
7607
9620
1406
6623
9381
1381
8781
2667
7349
1833
9702
9
4171
1854
8490
7771
3234
9577
2831
2447
5892
2952
2028
3249
471
9197
9469
6986
6831
7777
3072
4251
2645
9431
9072
4198
2057
3034
4701
4000
5811
3905
9312
1321
1411
4101
9657
240
7438
3422
1601
5345
5589
4534
8958
52
4686
2045
391
1160
2907
5995
2514
1020
7833
2520
2769
7087
3646
1557
1622
1744
4484
7086
6627
3541
9326
3165
8790
6505
3967
7242
8009
1091
6840
2610
5168
3648
1045
7698
5959
1218
7334
3502
6573
9486
8787
2787
6004
889
5621
5643
5402
932
1692
851
8113
7818
1369
9073
1296
7985
1027
600
8867
3154
7835
5377
1143
5496
9880
3597
7282
1655
1742
7410
9986
4309
4580
4945
5209
3129
4413
6385
2440
9458
6518
5728
1511
3710
8880
4172
6035
4937
7622
6009
3820
2118
9079
2022
5271
1853
2104
4646
4453
8685
6912
7046
2287
4387
9859
7032
6459
8452
626
9688
6855
8221
4075
9520
4547
2874
3529
3067
7534
3884
4432
465
831
9442
1672
5856
3267
2720
6402
9914
8419
2302
7398
7325
4224
6484
4403
2425
7036
8171
4112
8158
433
6975
4963
6297
2322
726
6172
8892
967
1670
231
2141
5767
8670
7635
3909
1157
6527
990
7425
2470
7409
5278
2309
9051
594
9064
9717
4771
3787
8058
7558
6778
1693
7857
8850
9150
6906
5322
6388
1824
4575
4427
8186
3104
8386
481
2748
750
314
6574
3539
8460
5619
1069
903
9313
7500
1683
6335
8699
4306
5125
4664
8172
9694
5712
8421
6377
8828
7681
7604
5442
6218
2108
9591
8053
2030
8183
6415
8257
5581
8337
6105
7247
5370
5212
1386
3025
9561
8820
2991
294
1138
4476
2012
2471
3415
1023
6271
4560
9479
7246
9182
8308
9480
490
9152
2414
5538
6300
8735
4110
5039
1270
2806
2370
3578
4542
4084
9074
181
4884
3509
1061
7043
2519
6226
7969
2497
420
8675
4921
5846
6656
548
3164
4903
9213
7158
6969
4994
1652
1363
2288
5456
5973
9143
4343
6552
9207
5630
7700
1875
8012
4143
5006
873
9428
8170
225
9346
2386
9550
6648
3395
8469
2542
2964
3330
23
7219
2692
9088
5350
7436
1536
8292
9360
7093
7322
9529
8760
1868
3921
5236
8633
8247
6503
4357
6290
858
8789
3849
3486
7536
1291
7113
4290
7675
9348
8467
3612
8655
6741
7506
7680
9733
2285
8680
3
8702
3877
8456
4046
2187
7859
5282
103
3248
529
5730
9693
8546
6948
4766
6626
1442
1754
1334
3264
940
2736
908
5633
3886
1994
5116
2810
2879
8900
1553
9359
4582
5924
5086
8334
6676
8567
2727
9553
844
5424
8635
9999
376
2417
2335
9059
8848
3751
453
1204
398
3258
1893
5776
6582
5025
3308
562
2014
8698
9724
1518
1147
6133
3679
9484
8672
3772
505
1448
8841
8809
5624
7507
6971
2970
1900
1870
8582
2827
5988
7564
4225
8626
1647
4407
6073
7309
6225
1330
1792
3340
6638
9557
3312
5259
6810
2993
8799
9306
5468
4028
8125
296
4286
6565
9130
5308
8877
2781
7731
3661
262
8938
1454
3722
8026
3026
2436
2347
7965
5357
2686
901
6662
9682
2929
1489
365
8115
561
2295
8717
7922
4132
2114
5516
1100
5327
8886
7574
5593
8453
8524
6508
8265
8904
4116
7010
5860
4474
7178
3570
4536
3349
7389
342
2175
8716
3634
5312
7817
2284
3780
9369
1079
4762
5764
9085
8423
335
6230
3682
3619
2301
5048
4916
8953
9570
9752
1046
806
531
5200
3046
7331
8332
5849
9732
4379
7999
3571
8461
9366
2872
9035
6023
8435
8804
3348
4619
2757
6398
2978
5227
9754
6329
7033
5361
5523
170
4345
568
8859
7321
226
387
1090
5806
1173
3051
2198
1049
9606
6472
9324
502
8936
5784
4419
2967
3635
1860
7320
5016
9910
6769
3053
3402
1823
5029
3641
4430
2478
9395
1452
2085
3777
6767
5945
3284
4660
3662
9468
6053
1378
4661
4949
7251
9136
7478
6066
1285
9304
4179
491
9300
6973
931
7082
9892
896
3855
8779
8073
3047
763
6423
3366
3327
816
8049
6710
2358
6812
1996
4777
4444
2305
8141
5920
3305
610
8082
7946
4292
28
3887
533
1159
7152
6092
1748
8610
5140
2316
7028
8860
6791
8144
7629
4233
2145
6458
6835
3222
9500
6745
5297
4276
9648
1060
3616
6893
8834
6757
1503
389
4471
4737
4842
4746
3564
7446
6698
204
4025
9308
3752
5971
3623
3266
9403
8821
8315
6833
4397
7182
1865
9408
6943
3120
8662
2219
4957
2083
7005
4461
19
706
4300
1396
1384
8489
644
1230
8739
8425
5480
3411
3774
1812
6977
3304
1578
1690
9317
2641
5031
8116
6161
9526
4956
9165
7554
6585
4999
4548
969
5135
5854
3108
1412
3462
5096
1294
8
4402
3700
5882
5879
6273
5495
9451
8761
6375
8156
6430
2253
1275
9988
2372
8090
7440
7900
3907
9943
8649
5428
8558
5304
8987
2691
8333
7522
790
3714
2711
1063
5865
1907
7265
5217
3082
2016
9368
7317
2236
2266
8686
6206
7430
3962
1760
4694
2895
8888
9587
7840
1507
6413
8966
2390
5588
5603
1611
9293
7650
2784
2584
7102
6806
2702
5923
8905
8614
8303
4210
7688
3937
169
1232
2363
3236
7589
6669
5366
3155
2577
9696
7563
185
1705
3122
8532
4878
8455
5004
3475
4623
9354
6126
4211
2920
8224
5220
4115
7855
1559
5869
1089
4794
9374
4151
4165
6968
4907
3883
3586
4086
2097
9212
5805
9042
6022
2179
2875
542
1839
9288
5855
8759
5270
6395
9571
3180
8596
4463
2880
8581
9225
4569
6364
7967
935
6450
5812
6935
9083
461
5539
6664
5244
3438
5491
3790
6246
8409
1429
7482
8740
6274
3197
3532
6419
8757
5365
5601
8331
8212
5706
246
8185
9889
7292
9617
2684
1732
6570
2213
9397
9250
672
242
5180
4712
2092
4015
5820
3903
8501
8120
6832
9071
3725
8427
5591
6838
8236
3645
4745
4175
1583
8903
6188
4388
4516
2031
243
6186
9224
5475
4616
1361
9040
9174
6632
5358
4676
8324
5785
8714
696
1087
5354
6155
3613
4980
7054
6132
8111
4315
2032
693
7513
4142
8063
1390
9772
8408
4182
3350
9913
9234
9951
4944
9094
8792
1535
145
3195
6754
9656
7471
3409
1227
2277
9697
1191
2639
1205
3652
4610
9005
5299
300
2613
3321
1884
1164
774
6608
2813
8330
1888
5012
2332
126
9378
4076
8195
9840
6972
3594
1267
8278
7545
9294
7437
2159
9920
7489
6526
1413
6337
2006
9806
2398
4665
3331
2166
1954
5848
9510
8999
9272
6489
6148
344
8250
717
3121
8485
2293
5263
6307
6868
9102
4105
2409
9438
4209
3821
692
8129
5978
9239
6830
1278
8615
5161
5944
4126
6269
6276
6471
2448
377
1303
3418
2955
2223
4490
5266
7754
1908
1880
9667
4494
5938
3861
8192
6762
7882
3999
7387
9295
5499
6786
9544
1322
8002
6317
4603
5657
5307
4830
6559
3253
9935
4688
33
992
5493
6542
4524
8934
6098
1537
361
2454
7871
1161
6106
577
6306
714
5398
7502
3015
5252
4943
7728
7615
2699
5818
1424
8266
1632
6383
8656
4295
5490
5022
4677
8516
3293
9628
9923
6997
7112
9799
1646
2225
1172
9636
6901
127
7068
475
8429
4742
1288
9519
4809
1525
7175
6228
5400
5381
822
8570
9319
7984
1985
5245
9424
6089
2615
8123
7220
6816
9750
5964
1924
7108
7913
4351
7225
4691
9805
4436
2183
8729
1650
3133
1915
1775
6412
9462
1482
4844
5640
7483
7305
8566
9470
1272
3899
2780
4392
7701
3680
6709
8072
9596
3864
7424
4050
4650
1828
731
85
9013
3819
2068
7652
7612
3389
5081
3979
1233
5993
1451
7284
740
1680
2463
6834
1727
9010
7205
6554
3000
1524
8030
8358
8018
2642
6258
2494
7388
4955
295
4255
780
7715
9690
77
7914
4948
7597
4894
4334
8365
6354
6981
7310
3970
2735
6192
3996
1861
6995
760
3955
6892
121
7236
4593
3763
6926
4119
4032
1814
826
8988
9721
9222
7480
6263
8843
3998
3375
8350
679
1614
550
1749
9654
914
5452
5248
5878
3173
8446
6122
506
8704
8563
3247
7337
4756
2150
4168
1003
1546
2348
4967
8663
192
2513
1716
1485
927
9741
1538
8638
2079
6414
2597
7639
8950
8762
2303
5910
1261
5654
9796
2852
70
724
5917
8491
7013
7355
8591
3902
2678
2151
4749
9274
9043
5522
2190
9666
3469
268
4736
8471
6340
4801
7550
5734
6937
640
1042
2604
8496
720
5835
5391
9883
1733
4557
5737
8797
4481
7512
6196
3625
9582
1971
4503
2217
4782
303
7997
7263
6836
7016
7259
6773
4614
7402
7870
3318
9985
3128
1916
3745
3964
4107
8585
578
4258
7593
2618
444
9804
9365
4153
8487
9650
8347
1293
3085
694
9660
190
5926
649
9093
3283
8028
6747
5074
4184
6733
5374
778
2914
8275
7519
4814
8253
1606
1402
3768
9478
4522
2484
2067
6878
4499
6857
3766
7008
7065
202
5455
1235
9957
2758
267
3500
2512
7172
1681
9634
2860
8196
1585
5084
2158
496
4141
7577
3464
5586
4584
102
9788
8652
8239
9989
850
5998
6359
3797
614
6175
6519
4866
3014
3825
9270
8753
1430
6461
2558
7214
1312
6902
9106
3490
8784
3965
1745
5941
6151
7787
312
8895
3670
2107
8608
3880
2741
3100
7594
7075
2506
6888
1981
6851
9129
5325
3027
8066
5625
7202
1728
9559
5087
394
5051
5049
859
5111
3153
3405
259
4269
3124
8161
3596
7335
6298
5813
4443
8367
1498
9063
8555
9832
4298
6543
1921
5745
2029
6802
3620
9375
6811
2738
159
2743
9958
9386
9164
1057
9953
2968
5826
9038
3953
8234
4951
8734
9756
6510
6325
5823
1292
7407
1700
8416
4858
4493
4837
6736
4230
128
5721
7517
2522
3300
1179
3268
5470
4031
2024
8223
1242
5334
5667
838
4886
5415
7683
3603
6485
8353
7160
6015
2822
9389
3285
3019
4882
2035
216
8955
5444
75
7962
1977
9031
5151
1595
6744
6945
2791
6110
8092
3639
5870
680
3116
6231
2
3143
7802
1006
7092
3520
4496
9436
2802
9081
7159
9878
3091
2989
3723
7345
7190
8450
9292
3401
5139
7918
7584
1805
3885
4720
3587
7503
4253
6903
6045
7342
2413
4280
2018
3177
8262
4601
937
4768
2044
5965
5616
546
92
1009
3782
815
6436
3414
9678
8283
1115
2438
4092
6869
5257
2543
977
4836
7091
1188
6478
8786
5903
9528
1914
2138
6511
3272
87
2668
6082
566
7197
4450
6409
6494
2005
5288
2382
8854
424
4579
2998
3843
2742
1599
4459
8261
6734
6499
2594
3925
5825
2475
7789
8807
5191
1340
6266
6162
8730
8833
5055
7192
7619
5921
4820
5689
8766
6909
5179
2683
2095
8349
6723
8952
8701
1290
9133
788
4439
8866
2877
8085
8177
6492
6965
3759
8078
5555
3426
2801
1989
4088
9204
5645
6687
4738
3540
902
2007
232
3273
4984
5153
8310
1840
8990
1342
9184
8155
3660
9364
1901
4622
6173
9950
1273
535
6294
2042
7137
4483
7053
4313
538
4022
5416
9173
3851
9619
2695
1202
2546
8045
9786
1796
8363
1688
6238
4144
7311
5632
8216
942
1821
6059
5316
2847
8806
1846
7434
1214
5467
7775
5559
8101
2716
9515
793
2925
9494
6649
2739
7400
1642
5461
5950
715
8103
2279
6308
870
5382
8287
1702
4048
3303
3703
9677
1441
6054
4570
244
7869
6083
3665
5142
1435
6989
7417
6978
9282
1998
585
2315
1931
9735
6363
9090
3943
8118
8932
5709
6513
4990
8418
9506
8531
9602
9706
4241
5138
6253
6426
3452
254
1496
6941
8005
340
801
4555
6927
6991
4748
8842
3647
504
1284
5871
7831
2966
4240
2848
9149
9975
3518
7674
9183
318
6194
3181
7921
6642
141
7704
6011
2429
6078
7762
2971
9882
5068
5609
3501
2910
2629
56
1873
6393
9434
7052
6358
8694
6345
5797
2799
7826
6774
9747
3814
6168
9730
5545
7037
2892
8969
4654
9742
2728
2837
4091
8483
9704
5352
4675
3707
6818
6502
3831
8075
2201
1911
7063
4741
297
9691
7290
4259
7865
161
5727
4437
811
6537
6624
5679
6498
4739
4396
7248
5668
9032
701
9404
5873
6911
4079
9193
4438
208
7360
7269
2499
1053
5390
9644
7662
7249
7816
9833
729
4421
3522
2456
130
7925
5962
7306
6541
2182
4788
2184
1825
8994
893
3852
3992
315
6985
6531
2935
154
3217
6019
241
3969
7581
7843
8472
6898
7435
3455
2098
3908
512
2868
9815
54
9465
162
9405
9539
759
2374
1933
959
4715
3336
3316
581
6852
5927
3760
3220
958
6581
8270
8311
9744
9816
1130
757
2945
8205
4938
800
4456
4458
1178
9589
6220
6434
4381
7658
8767
1039
8017
3972
6468
1738
9768
7227
1550
2838
2171
1364
8623
2934
3785
4260
1131
2081
5342
6928
657
6536
2740
7901
6176
840
3847
8878
8979
5781
4012
2713
4932
6427
9638
7995
3468
5348
9908
5337
9937
613
6101
3640
1133
9915
9226
8814
7784
7403
8736
5680
8640
8849
6270
7472
5874
5091
4709
7670
3169
6804
5655
8676
9004
4231
6974
8486
2614
8923
1313
206
4038
3306
7241
2338
5479
7634
7957
5272
7972
2002
3076
7200
933
2389
7952
6925
7077
3057
3841
7963
2721
8744
9286
5183
556
6013
8062
7535
4906
3857
13
5406
6883
418
2368
5703
3210
3631
41
930
7140
6725
5017
9875
540
3936
7427
3823
4510
8414
5176
5369
2319
4726
3810
3311
6915
4541
6272
9018
3225
1119
3466
2803
5262
9843
1223
1944
6551
6998
3281
6422
8705
1255
210
9668
1980
5551
7569
1919
5089
3689
2589
1283
8829
5798
7745
944
1007
2582
4663
7741
6496
4183
7638
4850
7850
3801
9023
5670
6431
8722
3690
6939
9984
7523
1132
2246
7529
1960
5052
9238
9811
4754
9000
7136
9240
8691
2630
2771
4898
4847
5080
7266
6843
2930
405
1170
8439
3309
4960
827
2146
8359
907
5441
2164
6751
5438
3865
8402
7961
3029
3588
4090
8542
8724
4851
6665
6104
510
9593
9411
9206
9933
9409
9363
6372
2631
9214
5506
5035
2001
6942
5332
5267
9831
5318
7919
4723
9388
9959
4717
1999
6507
64
9853
2395
4068
9030
1806
143
9394
703
7287
6171
281
1470
7333
1263
5126
3080
7206
4122
1182
986
3049
5866
6858
98
1955
4885
8442
555
5800
4446
4016
8242
5582
7599
4638
771
6244
3081
5387
8920
8644
2345
9027
7171
7204
3995
8280
2963
9932
2960
9140
6703
1120
9333
9527
5226
9148
7243
6236
9626
3338
6539
1968
476
8922
4509
5688
2941
4415
3740
4317
7215
8154
5419
3136
7408
7819
7439
6090
7570
6085
1797
5232
6404
758
9314
5314
7964
7154
6697
5757
537
7651
9787
1516
6394
8204
5412
7520
2495
5155
8780
1341
2792
6873
1125
922
5437
5483
4462
2349
2274
5198
2785
2053
9560
2050
6487
5739
9505
392
982
8728
6051
8340
183
478
1857
4803
4216
5990
5131
1374
1371
7121
7141
6191
3837
9533
164
8176
7684
5751
4341
4696
3668
6921
4608
4460
681
7665
4979
8630
3478
9112
5230
5136
2498
5696
1602
9277
8939
3840
2627
7090
1171
5919
1328
1393
3201
1626
5222
2482
6688
2746
2025
6229
2703
9995
9581
5045
1757
8189
1338
737
2885
1563
5489
5349
9055
8151
4150
773
5760
2887
6673
1952
1146
1885
2435
286
6982
8291
2671
1560
9169
3876
2988
7295
2633
8941
163
5759
8727
9420
9701
7687
9511
4486
3370
2566
9146
8024
2927
2560
4765
1247
7644
9548
2937
3894
6603
5911
1551
4337
4789
2200
1474
2378
4800
5178
7357
5710
7769
7433
8907
251
3515
6609
4927
6467
9425
1881
8884
5720
9099
8508
1034
6801
5436
3611
3607
9584
1264
886
1162
1736
523
3794
1444
2457
84
2426
1759
3860
6548
8898
9900
4829
4004
4201
1514
26
3789
9426
6405
5023
7413
9246
9864
1799
4652
3939
4188
9749
3706
2406
592
9265
3059
5290
2323
3931
7120
2979
3848
9997
5683
9640
3775
8148
6010
7076
2193
4158
2084
7560
8512
9663
6357
1673
3649
5128
4887
7414
8688
7708
4485
1022
485
3004
7234
3378
9131
2676
1347
8438
5880
99
9521
3938
4137
993
7677
5935
4947
2505
1712
4716
670
5144
5106
1937
6222
8619
4642
1193
4978
8134
1755
1152
2981
6055
3021
4121
6711
1088
6165
5378
6953
4997
4954
3807
3761
6141
293
4612
622
899
8755
6163
5274
7341
319
926
7527
1785
5718
9825
1753
9720
7088
9248
4735
1486
3987
2794
6304
6781
3219
9141
6720
2206
1031
4186
3651
2331
9793
7655
6866
2496
7568
8697
2601
7726
1408
9745
3038
355
1151
3114
2281
4285
4212
2153
448
6766
9513
5618
8526
3654
4007
9992
5608
9338
1024
2385
9608
4051
495
5042
3454
6914
5420
9482
7739
991
1637
7630
8919
1845
1210
8375
4167
95
4888
9198
1458
5991
1480
1241
3488
3786
7935
616
7019
7298
4312
6146
1466
1036
3428
6764
5072
2015
9637
6209
4991
7827
5900
1380
3624
751
6853
1995
1671
4624
4934
7692
641
7709
1618
7679
4159
1181
7609
3198
7315
5867
3235
2849
6278
172
1456
7432
5163
8515
6779
9810
8879
1843
3147
4587
5570
5789
9977
438
5095
4864
6645
8902
1982
3551
6024
9299
7103
9531
6262
4512
4034
8628
4989
6923
5331
8788
6008
7012
6391
5317
9642
7429
8881
1667
6633
8523
3238
9861
8293
4621
4568
2574
5575
3237
4479
3202
7830
8297
7533
9552
6366
2106
2210
3419
3966
5435
924
885
8796
821
2812
1013
8282
313
7930
7737
4770
2805
8720
1083
4134
158
2356
88
156
3470
9877
4653
3345
5426
8432
7716
4860
343
327
3695
9725
5651
7725
1689
136
3187
1254
7458
9611
2222
3577
704
1035
1986
4283
1958
4632
2674
7730
4531
4370
7991
5302
9739
7579
1122
2796
3190
1305
9798
7279
8548
5505
638
8861
1148
3997
3149
5336
8897
3568
1012
2167
2650
1176
543
4506
8726
9446
6785
8876
904
5546
7565
6826
2046
5981
2628
7610
9537
3853
2709
4077
5768
8248
6788
5891
3633
7559
6580
7370
2248
9392
2074
3045
7915
8838
835
7983
5928
7319
4062
7886
1532
2621
727
6327
8032
5343
8620
4256
2890
1066
1077
3332
9190
5164
5156
9797
8369
1959
2452
5207
5886
9002
1376
1574
7278
4383
8095
1906
1453
1706
6795
9870
9194
2817
3479
5175
2334
3208
9615
7549
4214
5996
5268
3592
8201
3512
6917
4391
3582
781
936
4759
375
7363
1918
4721
200
6924
9283
909
8749
5714
5265
1108
9039
2575
7705
9096
8401
1802
125
6904
9635
6732
4102
5229
2467
5320
4810
3800
7538
5685
3361
9776
2569
1457
311
2844
3301
1615
4799
9821
5851
9390
8152
925
3676
272
8822
7031
5571
878
9807
8756
596
9734
5572
2616
2291
3950
2476
1565
5740
6034
7861
6390
1366
2304
7976
6625
8930
5821
8896
8328
8482
8813
9264
1729
1513
2858
4780
4973
709
7845
7603
3351
955
1180
4713
6046
8054
2900
4272
1419
946
5909
6424
5842
3727
1508
4577
8894
2148
6493
30
5393
1315
7343
7303
5677
9926
3927
474
1862
3575
5340
5596
607
6234
5899
3757
4488
437
8890
11
4600
1348
500
5969
6309
1142
7862
1657
4751
333
8175
3107
4813
3524
3867
6861
7015
1835
526
2673
2276
739
494
7132
4020
8474
8862
5707
9361
2203
7628
6932
5885
8552
2168
6654
1822
9979
5215
2571
9946
5371
582
1094
5635
3183
37
3802
3879
2112
1798
3094
7038
2658
4718
999
9125
4996
4595
2489
6918
7868
1926
1929
364
9267
4363
8851
7996
7064
4314
2585
346
6690
4832
2790
5347
6463
3858
5132
3371
1847
3001
3959
5579
4331
6312
5583
3056
4511
7095
9098
8441
9025
2624
4992
9543
45
8913
2533
8832
4030
6600
446
1050
3951
2646
7270
2578
5019
1475
6870
5177
6157
8520
116
1000
1245
5189
590
7385
5407
8395
9318
3642
6863
8424
6344
2617
1894
8184
7070
4793
1856
7743
2314
7959
3934
2384
7477
9781
8268
4374
7239
12
708
317
2823
8826
7694
4279
9708
7294
4710
4394
5478
8294
7475
4073
1526
8194
7668
8664
6547
3733
7484
9785
3477
3223
2226
9351
1859
6783
6859
1648
8392
6532
3742
62
5565
8583
65
6070
8459
6497
2444
6040
2706
3241
14
8721
2202
7863
5512
7444
7084
5195
8366
7072
7851
7362
4205
5953
2392
1443
7556
6031
7907
1948
6475
6473
2196
7824
3230
2428
9387
4861
3753
4981
3073
4558
2238
9525
6200
8968
2271
8553
3171
4824
3916
354
6030
843
9127
3087
4808
8345
4928
1582
518
9854
7645
9881
6856
3653
553
7842
8325
5008
879
938
1879
6310
3492
4939
2477
979
2657
867
5779
6951
1370
5056
3412
8554
4424
8269
1515
4606
194
386
9705
9991
6983
8279
1460
3956
34
6447
2777
1803
308
8868
338
2240
351
4335
331
9341
227
728
8447
5346
8016
5722
7055
2607
8338
248
2501
4685
9217
4096
8506
2449
7904
6613
2209
5694
1658
6332
3071
239
4425
7379
4941
3673
9455
1790
3507
2100
7209
3355
6373
6452
1653
738
3993
2828
4704
7094
9956
2411
5916
7755
7839
5897
301
4681
120
6060
2902
5503
954
1640
8765
4339
5634
4078
7541
8935
3090
5071
6589
4324
5169
7940
8493
7877
5700
4732
3674
2705
8213
7676
7546
7304
3362
4154
8782
575
9474
2399
4226
1897
5803
3981
9433
2232
6239
9968
5038
5597
8946
6571
572
1772
8384
3398
1594
6564
5954
9948
743
1011
7183
2070
1410
5799
8477
6150
3276
2750
4865
8604
7710
2040
8398
7521
1383
5902
1711
3031
5972
7986
1678
1080
5857
1033
5162
3467
86
4155
1344
1372
1473
4018
5310
6621
9163
2521
434
5838
4855
447
31
2957
449
9195
68
965
514
8355
6153
6813
6287
5289
730
1966
8831
4244
7145
1645
3382
9237
9632
6529
8951
7649
3779
117
1962
5663
1591
4178
7166
3179
6117
9680
6819
8320
3868
7749
7369
7942
6872
6319
4267
8836
3098
4097
744
4806
630
2731
7469
3252
7525
6753
2462
236
9614
5507
2959
4744
5225
5021
3251
9068
8393
3638
7352
8478
1356
700
3829
6718
4586
9356
4035
6177
7118
9203
4468
7272
7748
6604
1512
7666
1238
3320
459
6334
8654
1575
6215
2572
3319
6799
6882
6112
5477
4163
9253
3656
264
9138
7011
6189
1252
8043
8839
2258
4530
9422
289
4411
3629
4498
5069
1217
8312
6637
3709
6149
4679
2004
4277
2292
9630
1541
6683
4730
7255
5256
9080
8589
8819
1848
7130
1787
651
7761
1399
3521
5629
6714
9760
175
8534
2854
525
6657
8840
482
8284
880
8385
7551
7510
3658
8003
6524
8847
8390
866
8911
8143
2550
3897
6144
1983
2121
1866
2508
499
3544
1895
8777
2869
4649
748
6821
4029
8431
9942
5686
3360
3207
8065
7187
5840
7431
257
223
7788
467
8476
998
6235
8273
5030
6544
6828
6159
9947
69
177
3614
9142
574
8695
7372
598
7618
8677
4125
8743
4093
80
9020
6255
5188
6789
6614
1562
5097
9447
6339
685
7336
4373
4693
7191
6408
5770
3973
1669
1940
604
2511
6746
7945
5628
1295
5853
2567
8710
796
1259
7837
8430
1354
8076
7643
6907
4059
7836
46
849
7856
9276
1467
6693
334
2649
2539
7815
7648
2573
6350
9538
139
6936
306
872
8972
7891
8639
1268
8703
2685
803
9897
6341
57
3337
941
6069
49
4725
423
129
3688
1445
6666
6618
8351
132
7114
9058
3697
5105
2818
8139
366
6517
5790
9117
6299
5858
8420
6330
9383
5671
1758
148
1004
3827
5992
1703
664
9181
2682
383
7910
8132
5224
4607
3506
3044
348
3384
7508
4111
5413
196
3914
7998
9567
1229
2689
7245
7878
6109
749
8179
8309
1056
6261
3005
1197
2835
1359
4889
5761
6770
7373
8153
8810
8660
9205
9723
646
6190
4755
7981
7133
4149
1128
1464
1623
8126
5061
1472
4002
6100
7760
7763
6639
7553
2072
4669
230
9261
7318
4033
9332
6210
7539
6120
2938
356
6018
4222
7001
9684
8091
4160
6663
4697
1304
4207
6213
9339
6715
1317
6178
625
8507
8014
2503
8593
3896
1062
4961
1781
6108
1103
754
374
7968
1807
6776
8203
6681
5311
4673
9655
7420
8329
1629
4920
767
8088
6871
6193
1566
4545
7250
2811
3016
8666
5925
5090
7920
9024
4
5379
2708
8013
8295
9144
4187
8007
2729
406
6241
7782
8798
6002
9996
2065
2427
7516
2400
1327
9507
9726
8109
4501
7601
5810
352
3456
2753
78
1416
9134
7442
5836
4682
5731
9715
3949
4670
279
6798
3574
1189
2360
1326
881
3702
668
5562
4952
3803
2932
9160
6072
5285
1391
5120
2553
3444
3040
7974
1549
8696
8070
5187
9576
833
5446
2590
9555
2289
4329
1320
1691
2704
8051
3567
8933
9592
3423
9595
8891
211
9846
8912
1093
3010
3368
2534
9208
4807
9647
5440
4385
7948
7678
6095
1675
2700
8368
2326
1660
1834
968
766
794
5613
8264
2878
2142
2911
8509
144
595
4239
2917
3433
3991
7890
479
7734
560
9281
7719
4367
321
5536
2825
7346
3693
732
5864
3834
5194
5845
5815
7358
3545
4641
5976
6913
3453
1506
8222
2352
5658
4273
8706
6644
5448
2548
2212
9894
3743
3459
3813
3986
829
3212
1572
7381
4482
5104
4680
9631
6451
6134
4843
1609
1970
8667
725
8783
3580
3531
2126
5011
360
8298
1500
5184
4174
2712
755
1194
3576
4922
9714
1654
3557
5181
6794
5066
2602
8793
187
7944
6477
8052
841
97
7695
4513
783
5713
1043
4880
6397
6029
8625
6282
7148
4129
3683
1909
1927
3118
8918
4220
3041
4072
7004
2000
6651
702
8229
5518
9771
3178
2466
3552
2588
3627
4822
2376
6005
2181
9556
5253
3854
9898
712
3859
454
8964
1950
9713
4042
6283
5423
7970
4426
6636
249
8240
7074
4310
6599
9380
9532
7889
825
8027
3929
7109
7361
8768
6560
5133
1225
1400
2242
1249
1739
2772
1234
2688
8086
320
5967
2139
6042
2133
7180
53
4845
7682
7937
5024
1961
4404
5719
9221
2474
6563
7308
7752
5931
4892
9231
2826
1192
9766
5717
3626
1277
2078
2725
9994
9993
5887
7562
5247
1307
5339
8097
2353
5749
1025
9936
7714
7117
7633
9367
5984
2365
3425
3451
3139
8750
1838
9493
5276
8737
5649
9017
2593
9522
9969
6617
984
1763
7350
887
3084
9200
8908
4282
2154
8448
8984
8692
4804
8494
6216
9001
8684
6730
4006
7733
3736
1124
9009
3060
508
918
5514
9618
7779
7042
2896
8601
557
6
5544
4378
9652
8322
436
6086
7693
6026
5425
3093
8140
2767
1332
4775
4232
5753
5754
326
7096
5088
1433
7312
5912
9512
7808
1659
9396
2744
7100
188
5476
7395
6464
1041
1113
5666
4659
8035
7722
2038
2723
3458
4969
8256
8105
1734
7897
674
8387
3156
8301
1357
3875
6994
6267
3333
5309
9132
6143
4447
9598
3002
8255
8356
4217
1257
4094
7632
8336
7667
8712
1102
5466
8949
3514
8354
1071
3776
9491
6717
8986
7821
330
8803
9960
8595
1144
3781
5009
228
3184
1836
4234
6012
8128
4931
5427
2761
6572
5904
8188
488
5260
1155
1725
787
9903
7588
1569
4856
2401
9987
9941
2143
9352
4414
2947
7301
6558
9729
4336
7613
805
3796
8678
2099
3621
8954
8915
9235
6735
8998
9421
9490
7129
9344
9262
9007
9379
9145
29
7973
6650
6970
9402
5174
6534
1222
2152
7188
7532
5652
945
8577
501
7876
4953
2062
4136
9554
8959
3940
8503
2747
6606
9659
4729
6336
5778
9686
3528
3610
8160
6964
6501
603
7707
8776
4863
7391
7902
7929
9601
5115
9122
8166
9603
5590
3845
6583
1030
8997
2027
9695
6160
7339
1126
4776
3622
4417
8117
6279
1567
3994
1492
6504
7740
8985
323
8598
5573
4962
2912
1816
8872
2923
4113
2350
3008
6887
3990
9101
8547
4805
3394
4467
8227
3170
6827
2829
3435
2342
6437
9430
8382
9185
24
3643
7828
6652
3762
6139
3618
2205
3341
6453
5729
8599
2581
109
7462
6947
7229
3134
9501
1752
8473
5599
6523
6433
9899
9762
8624
3286
2839
8121
5015
1809
1984
1912
4412
8377
273
1109
4039
9236
1468
6829
7988
6979
2737
1154
5362
2975
3396
976
5704
3018
220
734
7396
8823
7924
6900
5822
4667
9814
571
8214
4523
3436
7723
1228
5
3832
5484
1038
2752
2871
4445
7260
1139
1743
1212
8709
3254
6441
3584
1008
7313
1298
3719
8637
7106
832
5146
742
8147
1405
378
7661
108
6797
1558
2888
2113
7933
7580
2867
8475
4464
7212
2561
5723
784
4528
4772
9259
3297
6198
9406
4199
6790
3890
995
9669
9391
7486
6805
5313
6342
1349
5542
2337
5934
4825
597
2119
2552
2893
6538
798
2086
4177
3407
6875
5747
7772
1195
5832
2249
221
2388
8000
747
8245
3399
1351
263
5922
5999
5498
2643
3127
428
7128
493
1428
1863
6351
3013
5453
8642
2635
1236
4908
943
7452
802
1778
7368
7328
7980
8164
71
2333
633
1510
6182
2851
4321
3009
2759
5231
1704
919
4728
6514
4574
8616
3280
8029
2570
4185
8980
6612
8674
4581
114
3363
6885
8529
6910
3443
4352
1465
6386
6765
8020
7909
2994
3257
3866
9800
9562
3856
5530
2320
5147
40
9748
390
4227
5732
2298
3988
687
8961
1830
4316
5606
3003
5989
3493
1851
6616
3117
2638
1494
6763
6207
3086
8182
35
8564
2693
6824
8906
527
5001
4236
2580
8927
8544
2215
1922
3448
4774
472
5315
5114
9938
5986
1723
2547
3457
950
7089
3110
1219
1610
7616
2211
6370
2416
1335
756
1832
6702
1735
6087
1947
9850
7164
173
2797
2883
4195
6382
1224
9258
7555
9358
7888
2487
4124
8202
656
6672
197
7530
9971
3232
4305
3535
1938
3420
2919
4326
7547
1407
1620
854
4429
3946
4802
7470
5607
1731
5901
6784
1694
9418
4066
2294
4598
4054
7244
3536
5295
3052
4705
6033
6416
9307
2953
2174
6793
4161
1529
9285
2265
2199
7903
5447
1737
9719
4060
5540
1368
1849
3977
3022
3487
1437
9707
2123
8397
8081
1741
1664
9895
5054
7807
6219
3667
6237
1487
8785
8243
8992
1336
1014
5765
3077
8371
7167
2340
6696
1600
3816
8272
9530
4703
5429
1762
8983
1850
6324
966
837
3141
4781
997
4470
860
9289
3952
1015
795
5997
2351
1993
4451
7456
5264
5750
3717
3162
9534
7764
9502
7595
2341
5434
711
1149
8060
3379
5883
9334
1311
8433
3270
4099
3151
9916
4268
3489
5504
5078
5862
2905
9564
853
4044
9890
2260
2056
274
7423
7860
7143
8960
6967
6777
3231
7002
6891
3644
3699
6593
9257
9419
7858
4734
6594
4338
2267
7124
7213
9681
2897
5702
839
7786
6314
9233
900
1612
587
6748
5564
3705
6860
2901
830
5330
2431
1934
8498
1106
2662
8380
2229
7801
422
3431
8173
9260
676
8437
7397
5956
1220
6293
3918
6726
8875
2909
2990
660
9934
1930
3259
2778
1586
7162
1651
5344
9838
3869
987
2659
1987
985
1917
4477
5884
2816
1318
1310
5083
1427
5783
9824
419
8606
9835
5585
5273
6845
1852
9709
1892
4428
8557
9970
9497
682
4307
4138
6479
3277
3569
3573
3906
8504
1168
4911
8499
3985
9301
9331
2170
1216
3873
5473
1771
2268
530
2087
6440
4146
7822
1561
2760
3882
1112
1604
5949
9964
7428
8682
957
888
3113
6378
4405
1165
6961
416
9621
401
650
5306
3747
7332
8505
2974
6796
7237
8376
8067
980
6116
7592
5488
3889
8206
8993
1360
4369
5907
6020
1864
8449
8346
9524
9982
6894
4881
6692
6946
20
8921
2144
3244
2237
9249
9782
4891
3271
7611
6760
2863
9873
8837
8378
1587
2948
5817
3669
1054
6387
2956
3357
3718
7499
8335
7144
2037
8396
1990
939
3386
7820
4235
2776
7375
8957
1936
9879
337
3310
7224
2530
3980
1746
339
1997
5974
4109
2011
8827
4519
9057
4344
8602
3764
862
4964
9310
266
1105
1019
9415
9536
2089
9651
1564
9764
3465
1153
8232
2734
3291
3123
6919
2327
8579
1965
8015
7696
7465
234
426
7300
9919
2928
8659
551
9607
7591
8543
1722
6808
1186
4690
2208
100
7134
2036
4640
8617
5028
2041
4625
3302
8112
1199
5615
4823
6579
5691
7617
1542
4620
347
5108
2608
5614
3233
8031
4564
1644
8772
2882
2538
8061
782
9187
8290
5399
9192
402
4940
8572
8818
9147
8198
3523
5364
7849
7262
5014
1362
6740
9328
2770
261
4658
5292
5235
9658
5595
9777
5979
1540
3295
4065
47
2707
1665
4925
7496
9860
8479
948
8545
6848
2745
3989
8925
9569
8084
2962
5411
5454
5914
9377
1140
3593
4061
473
8372
123
7473
8770
7404
7286
7217
7841
6121
3299
8004
3109
8618
2088
1943
7567
6130
5742
1502
6056
363
429
4133
7083
7364
9645
7766
988
9653
2751
3911
4666
1248
9471
4902
3657
9229
8931
9453
7009
3168
876
791
3632
219
9499
7386
2830
1450
9384
147
9050
2404
7027
6867
7323
5047
4191
541
4376
237
8193
4965
9107
4362
7875
1418
3919
8068
2127
1764
7795
5612
7794
797
2059
6668
2609
6506
9549
1058
7261
2307
9778
6635
6068
645
4008
111
5242
4926
5852
1084
658
871
2269
460
2969
2592
6407
3148
5513
3737
6084
4589
7222
4986
7193
6750
559
1769
4796
5804
4342
5574
5943
665
9918
8658
3517
4599
4393
9578
152
2102
962
9823
4561
8525
7181
5827
3608
5205
6533
7501
1495
7744
4975
9498
1099
7071
9990
4549
898
1297
6199
385
5459
4868
9167
6088
345
6629
5520
7781
8404
5541
1221
5594
2306
4604
7179
2155
1403
6728
5127
4656
7939
7899
3542
3519
2821
6417
5547
3175
9795
7253
6448
9156
2094
133
9672
1421
8769
3476
9909
4698
7783
7007
8754
7079
4594
2459
8561
7885
2488
9712
6154
4752
3132
7199
2192
5561
4299
4923
7627
2939
994
3549
3473
3923
1339
949
235
4529
7048
1624
5889
1707
9427
2774
4733
4684
8440
6321
209
7467
6535
349
3317
1544
2612
9629
5351
2300
2157
3565
3730
2130
652
9927
1439
6280
5145
7050
9089
1973
7203
661
5930
892
2220
6817
1552
9692
3915
1794
8411
3144
8407
6895
3278
6438
8948
7235
6346
4870
6630
4318
3675
191
3671
9929
9844
4229
4699
8379
923
5254
1497
659
1519
4912
5119
9337
8550
1167
3563
7422
8521
6048
6699
2299
1484
7233
5497
591
3601
7196
691
2296
7061
5445
9084
7073
6466
971
4538
3048
3324
2493
3035
3678
5199
1352
7155
1483
5112
522
8805
2421
5323
4024
3296
8104
7757
412
8973
2696
477
6825
4123
1346
1324
3339
9503
9580
5569
1358
5296
4767
9773
382
3174
2898
3393
2926
6211
1018
3161
8981
6311
260
6185
1631
3176
9763
1905
9269
6057
4441
5118
8288
1730
7596
9740
4213
894
9335
5471
8795
4695
2461
8008
4692
8657
3012
2275
7654
5705
357
4852
2815
1521
5733
4671
5494
8611
6634
4567
1026
7759
5576
6934
974
8025
1286
3686
3290
3354
1638
3878
2549
7488
601
7394
6615
6960
7770
5875
5859
6768
9812
6954
3595
4247
2125
4243
8844
6250
8110
6756
6481
2665
9263
432
2116
410
5985
4972
4164
7338
9382
549
8711
5190
3243
863
8011
3788
5929
7377
5143
6371
2623
916
6462
8383
5053
4815
4265
1573
4340
5746
9252
9535
2525
9817
2263
4657
6075
6966
5076
1266
7406
4095
9202
1287
2603
1211
1309
9540
5794
3720
9061
6348
4942
9297
403
2942
6987
3769
8102
9683
8180
1829
1531
2061
4271
9210
9271
1086
9819
7872
4418
8488
4457
379
7351
689
5457
5893
8622
4700
9124
7625
8631
6281
978
9449
7812
8976
1788
3367
9780
2311
5286
3096
8800
2361
6114
6214
7030
7780
6223
7380
1605
3530
1815
8131
973
1409
1685
5724
584
9350
4914
1302
6081
3984
9858
3805
3358
124
7461
421
1156
4452
1554
4883
9639
8600
5802
8621
7
6443
9114
6118
4040
3941
3064
6749
1289
9808
4879
3095
7153
8039
5397
7288
3901
8130
1876
8466
7401
6590
9302
2527
5094
2195
9583
7949
1898
1946
1183
8719
4332
2664
9769
520
6032
1767
3585
7359
6460
3126
4375
5968
4950
7647
2230
1299
9689
8010
1668
6315
8808
5166
5223
256
6316
3449
5656
1325
619
3748
8909
5639
18
3895
1319
6284
9746
9767
4364
1756
2732
3754
38
89
2841
7238
8632
6557
536
8405
8647
2124
195
5828
7557
2637
8344
9460
4611
9022
1051
265
112
4176
1616
135
9504
6800
2270
5755
9905
3881
5644
5281
818
4365
593
44
786
4841
4206
2177
3135
4049
6195
1783
1158
329
2782
5129
7543
3784
2995
2033
2881
8541
9245
9711
1436
4786
9029
3900
2619
6305
6899
6455
6356
2247
3369
4792
3510
2773
3756
517
9588
7256
9298
2666
2510
5064
5417
7105
8077
9052
3017
7805
6166
8811
3958
7672
5863
6247
4602
891
2424
9872
498
4293
4005
2651
1708
7411
4263
8873
5970
8538
7147
2008
2529
6976
3497
5300
1343
9487
270
2669
1260
5492
6957
7927
7354
9718
2105
824
368
2663
7811
9699
8560
3356
5787
6850
2661
1975
5201
6295
6674
5775
2254
1925
5774
2075
6331
2680
2003
6260
4896
3609
884
2445
6224
7626
2058
8323
2228
1818
1590
2043
9349
9086
5556
8731
6064
4469
3441
4193
5636
5975
8187
1556
4406
3904
1740
3199
6184
3186
1121
2749
4237
8238
9033
5185
3429
534
21
7936
4871
3262
8137
6124
8944
6128
6439
25
2843
3400
6145
3600
160
9256
3504
3205
5602
302
4354
1774
6204
4706
697
3421
8556
9353
4274
9296
3550
2354
6847
7813
4250
6243
2996
9852
3112
910
3221
3628
4819
7515
4057
5966
3558
2227
8191
7691
7186
8108
3726
5525
9078
7045
1636
450
3525
8590
1523
5918
6265
7416
1213
1440
8357
7058
8400
5079
6296
6952
217
558
5682
9765
1256
2137
7720
7066
2132
4924
7934
2131
809
4448
3729
2235
8083
8444
2479
4056
9385
6916
8845
7476
2786
2419
776
9965
430
7035
1379
2111
4043
3701
2191
2063
9599
9047
6931
7289
3392
2176
3598
4812
310
4063
4203
9228
8434
2859
964
6093
8093
4325
1942
4959
4127
2394
7459
8244
6418
3566
9761
1527
5957
4346
3650
9166
9343
8885
5915
9440
5515
2587
5170
8775
4846
7881
4639
513
5617
2535
6731
5213
8415
9439
9448
857
165
7493
847
8627
4553
4023
8901
9444
5598
7796
4515
718
2528
7798
2101
4435
8098
9329
3323
3442
678
1793
8138
707
9456
5439
6988
9738
1016
9340
7742
6323
9921
1634
3898
9303
9069
9423
6221
8536
8679
764
2218
3216
3874
897
9189
6137
736
4489
415
2231
3708
5117
4009
3036
3140
1621
3839
2255
4017
7189
934
3715
2243
7419
2605
7348
6142
9790
3932
5611
970
4395
1231
6367
381
3246
1059
3115
2492
2836
5647
6647
2339
5868
8314
6598
1365
5258
6540
7453
4750
7376
3804
4769
9128
3982
7825
5044
3450
4849
3838
3437
2891
983
3050
7085
7003
7847
4995
3058
2555
2798
1308
9495
6653
6695
4935
5535
3119
5113
3020
9551
72
2064
5294
283
768
2490
2524
3744
7285
9105
2460
6512
137
7257
5395
823
8445
9839
9646
1314
7776
1928
6252
2873
400
7758
6727
5662
705
3978
4597
2034
6138
3713
1581
1576
1337
4687
2992
8210
9082
6362
1768
5360
648
2986
8099
214
1367
3062
5824
7211
1920
6320
8041
5715
861
1713
5002
316
324
441
9848
7544
178
4442
3065
9722
5046
3209
9371
7371
4987
7231
775
3687
3373
4543
3440
9904
5736
9170
9925
5773
2853
1899
745
55
6685
2972
7699
3799
7123
1187
662
2214
7896
3579
1206
9665
9309
1250
1687
1240
1539
6147
2865
8319
3928
2096
852
9103
6842
1951
8865
5896
9216
3482
4422
609
4401
1415
2188
9963
5653
7020
6077
5137
4853
8641
5353
1580
4708
9700
9034
9242
9779
1625
2023
8457
615
4890
1509
599
3185
2861
3078
8412
8539
3269
4223
3935
4284
3145
5324
76
2886
7460
4974
3731
269
5758
3824
6743
9135
6759
9118
9896
6865
3346
4827
9188
8518
2961
669
3157
9065
5148
6217
3055
6456
7646
9284
4576
9100
7528
7879
341
8575
2951
6610
9459
8815
3166
17
1978
1203
8040
4010
1200
1072
519
1635
2336
119
1455
8050
284
2922
8251
5005
7326
1988
9209
1005
7938
8069
7928
8197
5793
8713
7883
6704
7793
9120
2009
5082
8747
583
2122
9437
258
5443
8571
2921
1534
2165
1095
5214
4647
819
1137
1871
5261
2562
9770
2049
1972
733
4627
1726
4169
1271
9305
671
6249
8671
6374
9450
9973
7014
3445
4386
1628
3750
8530
7823
6113
2857
3066
9622
9563
6277
3260
1613
7994
9809
1329
7026
9095
1963
956
5007
5937
1886
3930
2313
5067
6803
4330
7125
278
4783
8484
8758
409
9829
7131
8044
4998
3189
4408
1463
579
42
4180
6556
7329
8708
7729
1423
9670
3957
2976
3850
2239
9600
7573
2405
9211
3561
6038
8825
6028
155
9054
746
2545
2579
5041
6772
5280
7218
7291
4565
2697
6661
5486
2252
8511
8237
5963
2481
6115
4839
1037
4968
1967
8267
3968
9435
1841
138
4420
4971
4487
7307
2375
9414
2355
3439
972
5386
4349
4368
9373
5769
82
4070
2634
618
1699
9547
369
4958
6432
4013
6179
3685
9123
6063
168
9627
1127
8403
1150
3974
146
7024
4760
8410
8576
9516
253
1724
2564
5073
9012
4651
8502
431
2194
5796
5043
5409
276
2783
8937
875
5159
6338
3203
4532
5165
869
7686
3288
5167
906
5861
6197
4872
3063
4291
171
7277
6353
4811
5192
250
563
3434
8174
5808
4936
2526
8168
2343
4380
6435
2264
1201
2257
4104
4152
2128
7097
9347
8422
8693
3659
9445
1695
492
9139
6521
7495
5961
2357
9716
3028
5414
6041
5293
9021
6896
6444
789
2655
1491
2766
7623
5462
3746
3808
5521
8146
836
3239
229
753
7631
3721
3698
6232
1682
7911
2055
8687
131
5384
205
2273
1677
1941
1265
9113
2509
9961
6167
3463
735
5451
4637
2722
4618
3494
1883
2393
1488
7671
6027
417
4157
2944
8454
5103
1243
8668
5697
9008
9917
3279
4722
3372
6285
5600
5939
176
1662
3068
5664
1795
1032
2317
7721
589
372
9912
8178
3380
3583
9649
9175
5356
723
1597
4719
8945
617
8856
7873
9755
9887
5408
6996
6729
6713
6992
39
5895
2109
2804
3391
480
628
282
8665
2973
4910
8802
4674
1116
4085
1438
4194
1198
3655
6242
2371
5549
2140
9759
7268
6049
6862
4248
3562
4826
3245
3006
9220
521
67
6301
3211
2632
6707
1932
4067
7062
7451
3213
4304
359
2800
2500
5553
1404
2754
2876
5487
1432
905
834
7832
1064
6958
4491
7765
48
7293
1891
6568
408
7104
3227
9062
9624
2147
5833
4148
1422
9075
6659
4120
8594
9847
413
7874
3555
7176
3224
2241
9483
2899
2894
1878
9866
9676
7194
2908
2660
6275
8181
5669
7374
6577
7866
9060
1174
3513
7163
5319
8413
9401
484
1076
2325
3498
7727
90
3508
4876
2156
3677
7989
4249
3083
828
5059
2701
9191
9413
1169
2423
142
118
7895
3606
5058
4502
238
7421
6289
7971
5552
174
4472
2178
1649
107
3732
3795
989
1817
458
1253
5847
695
9885
285
4929
1477
576
8127
4554
3089
7492
3474
2161
8540
8215
6689
1431
5173
3491
2819
877
4257
1499
1684
1316
252
9698
4833
277
5844
8100
3215
6347
2464
5197
5782
5708
427
51
6592
3275
7750
7057
3347
1661
4003
4181
912
6884
6425
1593
224
3485
4106
425
3712
443
2679
483
5762
9727
455
4636
1377
7324
2468
9370
6522
7139
5566
6474
8971
1804
7445
7468
332
8580
373
1596
2380
9855
3111
5947
4585
304
6421
2310
2862
9241
4278
8910
8725
9594
722
2536
1073
4270
4514
6399
2149
6929
8586
920
6488
9154
5807
4204
2620
6561
7455
9476
167
5010
8157
8057
3842
5780
7067
8574
7168
5881
7916
2379
457
215
3589
2446
1388
9955
7978
8956
8235
9736
2985
3472
855
2091
3920
1067
7509
370
5955
1957
9322
414
7931
2931
2598
2866
3806
2714
5341
5684
663
6449
