765
880
202
465
735
697
840
690
781
33
724
213
952
2
661
117
615
240
990
290
233
388
96
268
292
315
973
569
962
663
314
107
836
930
848
287
981
777
773
979
858
146
702
7
111
30
553
573
733
371
592
618
300
132
175
834
357
860
956
438
352
619
813
919
390
939
135
445
414
525
546
819
762
924
588
567
731
130
761
657
407
723
953
678
259
543
297
759
902
659
821
404
523
512
70
665
127
229
341
769
926
316
186
118
833
501
666
131
997
638
45
912
56
101
845
478
254
999
988
396
572
187
307
710
801
167
892
617
695
330
490
298
51
369
537
258
885
400
142
458
302
343
808
100
435
81
498
57
260
882
1
415
234
932
785
955
622
913
609
115
337
751
304
195
895
125
23
26
594
756
796
55
749
583
94
15
798
564
667
900
640
829
85
708
606
741
874
429
214
948
119
426
719
321
851
905
462
439
385
212
346
505
147
538
961
72
366
332
491
209
154
943
128
344
878
71
928
706
35
987
800
3
61
642
802
232
482
456
562
715
696
11
995
365
770
299
574
305
669
527
682
63
178
281
831
205
452
610
844
522
806
126
662
416
727
423
312
29
565
408
739
837
191
570
353
687
889
80
446
558
780
827
658
502
245
464
251
547
623
750
223
612
185
941
507
239
986
285
264
169
788
267
270
699
480
518
210
148
536
529
335
271
585
923
194
18
122
90
496
108
489
775
325
73
133
639
768
929
354
757
457
485
650
276
168
559
162
105
634
82
608
257
653
294
675
506
508
645
451
976
494
198
156
630
24
155
123
595
261
842
646
740
677
469
112
545
959
262
729
521
631
59
140
242
54
189
823
144
374
113
136
868
77
34
975
607
786
430
222
684
629
382
605
894
969
519
417
421
397
328
513
384
717
479
97
635
864
468
483
488
50
810
581
76
942
500
14
338
173
342
389
476
349
87
176
797
319
431
455
372
289
327
12
420
725
326
884
686
668
901
230
704
324
419
922
728
182
193
313
398
722
269
447
437
893
422
504
700
984
425
793
495
849
347
40
852
91
165
862
620
6
19
104
577
791
742
288
647
301
654
897
279
760
747
738
673
359
355
730
450
201
375
403
442
95
475
46
411
28
551
296
679
596
584
664
453
399
907
236
197
698
542
53
560
643
554
871
811
530
946
853
200
683
44
413
966
428
164
5
86
515
771
216
754
378
855
576
481
732
237
601
477
783
306
841
331
463
470
656
707
160
655
410
794
460
869
351
633
308
433
909
9
184
680
597
721
75
799
526
339
766
552
145
589
755
137
896
830
556
320
459
329
224
151
748
345
876
58
764
692
283
879
600
563
743
277
493
499
181
767
660
114
368
817
652
974
887
286
183
937
888
492
938
752
21
436
217
712
386
963
238
27
159
925
405
174
318
172
944
980
295
815
163
957
651
472
1000
949
243
644
891
474
379
106
809
394
964
613
99
402
555
52
850
284
199
153
628
16
510
671
807
129
985
89
323
250
110
681
854
940
150
774
906
625
204
915
532
641
32
256
255
648
726
370
139
803
804
67
350
694
102
824
832
720
177
471
22
989
275
971
516
466
590
933
927
20
43
550
691
994
772
792
857
497
814
381
263
225
303
795
392
244
960
593
709
958
203
566
36
812
746
861
60
322
514
171
867
627
872
134
689
873
391
524
509
859
65
745
541
649
598
157
138
454
847
406
534
636
779
838
449
998
467
109
64
84
950
977
211
533
293
866
10
991
816
718
591
248
856
511
778
978
336
208
711
672
253
401
25
170
434
221
899
448
822
903
713
149
549
911
865
220
972
424
246
503
904
412
616
38
599
580
758
83
818
309
393
945
820
744
967
362
587
218
215
918
383
787
66
676
935
621
714
954
688
632
604
196
701
207
361
358
461
670
968
936
116
883
784
674
473
982
37
898
877
776
575
947
274
520
886
568
571
152
993
340
249
716
828
4
282
278
376
624
48
528
863
914
273
47
444
843
387
247
579
311
875
13
602
98
241
8
753
917
881
763
235
734
517
364
586
782
826
432
380
252
360
916
703
92
825
143
910
228
68
705
535
192
737
367
17
484
373
736
88
69
180
49
280
548
333
41
965
443
377
74
427
161
992
395
363
188
42
870
611
693
190
356
685
539
39
920
79
219
561
921
78
603
540
908
544
637
531
614
231
835
487
266
265
440
103
227
124
934
121
839
890
789
996
310
486
983
951
578
334
272
158
441
557
62
790
141
846
291
626
348
931
418
179
226
206
409
805
582
31
120
970
166
317
93
